Seq  sk_updatetime        signtime   
0002  4.4634368419647217 0.3991401195526123
0003  4.2547078132629395 0.3978495597839355
0004  4.1482956409454346 0.3996806144714355
0005  4.1193876266479492 0.4004397392272949
0006  3.8786222934722900 0.3977458477020264
0007  3.7586717605590820 0.4025113582611084
0008  3.6216025352478027 0.4999096393585205
0009  3.4126458168029785 0.3940687179565430
0010  3.2945110797882080 0.3945226669311523
0011  3.1856629848480225 0.3963744640350342
0012  3.1035332679748535 0.4611213207244873
0013  2.9237549304962158 0.3987336158752441
0014  2.8026306629180908 0.3993268013000488
0015  2.6539678573608398 0.3969919681549072
0016  2.5435028076171875 0.3956363201141357
0017  2.5819814205169678 0.4027543067932129
0018  2.2986249923706055 0.4003603458404541
0019  2.1766469478607178 0.4030597209930420
0020  2.0617468357086182 0.4032905101776123
0021  1.9263491630554199 0.4027819633483887
0022  1.8164315223693848 0.5079588890075684
0023  1.6780416965484619 0.4041030406951904
0024  1.5490217208862305 0.4052822589874268
0025  1.4194290637969971 0.4100167751312256
0026  1.2899610996246338 0.4089872837066650
0027  1.1661725044250488 0.4137115478515625
0028  1.0499143600463867 0.4137032032012939
0029  0.9213864803314209 0.4127099514007568
0030  0.9198722839355469 0.4184751510620117
0031  0.6727793216705322 0.4166638851165771
0032  0.5444355010986328 0.4172358512878418
0033  0.0081596374511719 0.5410826206207275
0034  0.0083584785461426 0.5435087680816650
0035  0.6694555282592773 0.5382547378540039
0036  0.0083274841308594 0.6696364879608154
0037  0.0084657669067383 0.5393147468566895
0038  0.7915718555450439 0.5406012535095215
0039  0.6730968952178955 0.5409455299377441
0040  0.0082111358642578 0.6704723834991455
0041  0.0082030296325684 0.6680777072906494
0042  0.7977671623229980 0.6943838596343994
0043  0.0166447162628174 0.8153688907623291
0044  0.0080657005310059 0.5381236076354980
0045  0.9157953262329102 0.5374603271484375
0046  0.7968571186065674 0.5398681163787842
0047  0.6749708652496338 0.5408484935760498
0048  0.0084910392761230 0.6649789810180664
0049  0.0084149837493896 0.6637339591979980
0050  0.7948167324066162 0.6664707660675049
0051  0.0080683231353760 0.7876627445220947
0052  0.0104274749755859 0.6628296375274658
0053  0.9141621589660645 0.6657297611236572
0054  0.8558125495910645 0.7205243110656738
0055  0.0081224441528320 0.7945220470428467
0056  0.0082638263702393 0.7874786853790283
0057  0.9291548728942871 0.7917435169219971
0058  0.0080790519714355 0.9212987422943115
0059  0.0079944133758545 0.5369429588317871
0060  1.0594410896301270 0.5438332557678223
0061  0.9231448173522949 0.5397310256958008
0062  0.8004968166351318 0.5390648841857910
0063  0.6707339286804199 0.5370485782623291
0064  0.0082306861877441 0.6610720157623291

