Seq  sk_updatetime        signtime   
0002  4.3508422374725342 0.3884303569793701
0003  4.2068729400634766 0.3894228935241699
0004  4.0939764976501465 0.3879480361938477
0005  3.9237906932830811 0.4988064765930176
0006  3.7902617454528809 0.3860452175140381
0007  3.6639988422393799 0.3909666538238525
0008  3.5295569896697998 0.3911964893341064
0009  3.5398521423339844 0.3946843147277832
0010  3.2930362224578857 0.3902962207794189
0011  3.1814453601837158 0.3997349739074707
0012  3.0654590129852295 0.3931126594543457
0013  3.0600197315216064 0.3967938423156738
0014  2.8143029212951660 0.4014136791229248
0015  2.6666958332061768 0.3945024013519287
0016  2.6006546020507812 0.4049720764160156
0017  2.4824917316436768 0.4167790412902832
0018  2.4105057716369629 0.3977346420288086
0019  2.1788196563720703 0.4025881290435791
0020  2.1473174095153809 0.4277038574218750
0021  2.0702421665191650 0.4286596775054932
0022  1.9216370582580566 0.4324905872344971
0023  1.9168889522552490 0.4347457885742188
0024  1.6558198928833008 0.4308428764343262
0025  1.5133280754089355 0.4343931674957275
0026  1.3769686222076416 0.4368712902069092
0027  1.2450335025787354 0.4408433437347412
0028  1.1263141632080078 0.4399883747100830
0029  0.9870414733886719 0.4394657611846924
0030  0.8504533767700195 0.4586822986602783
0031  0.7675557136535645 0.4420454502105713
0032  0.5835762023925781 0.4430592060089111

