Seq  sk_updatetime        signtime   
0002  4.4186046123504639 0.3908767700195312
0003  4.1770527362823486 0.3867032527923584
0004  4.0746386051177979 0.3902797698974609
0005  4.0463914871215820 0.3905539512634277
0006  3.8018202781677246 0.3902046680450439
0007  3.6880569458007812 0.3918581008911133
0008  3.6534307003021240 0.3939452171325684
0009  3.4412889480590820 0.3956987857818604
0010  3.3235166072845459 0.3940348625183105
0011  3.1912603378295898 0.3987505435943604
0012  3.2145421504974365 0.3973538875579834
0013  2.9403085708618164 0.3966145515441895
0014  2.8189504146575928 0.4004082679748535
0015  2.6729898452758789 0.4155406951904297
0016  2.5591287612915039 0.3945052623748779
0017  2.5745196342468262 0.4028580188751221
0018  2.3224511146545410 0.4011335372924805
0019  2.1939921379089355 0.4056448936462402
0020  2.0742216110229492 0.4042291641235352
0021  1.9399619102478027 0.4051990509033203
0022  1.9349741935729980 0.4096407890319824
0023  1.6885652542114258 0.4094400405883789
0024  1.5618247985839844 0.4092504978179932
0025  1.4365315437316895 0.4121420383453369
0026  1.3097681999206543 0.4106605052947998
0027  1.1806967258453369 0.4183037281036377
0028  1.0620462894439697 0.4166762828826904
0029  0.9401166439056396 0.4609689712524414
0030  0.8174591064453125 0.4171640872955322
0031  0.6805503368377686 0.4180767536163330
0032  0.5514068603515625 0.4251134395599365
0033  0.0082530975341797 0.5482931137084961
0034  0.0083281993865967 0.5488820075988770
0035  0.6786994934082031 0.5632791519165039
0036  0.0082888603210449 0.6740818023681641
0037  0.0083317756652832 0.5429978370666504
0038  0.8060812950134277 0.5436542034149170
0039  0.6797518730163574 0.5509765148162842
0040  0.0085365772247314 0.6784231662750244
0041  0.0081982612609863 0.6739892959594727
0042  0.9240326881408691 0.6775722503662109
0043  0.0082387924194336 0.8034718036651611
0044  0.0085303783416748 0.5448698997497559
0045  0.9305319786071777 0.5449707508087158
0046  0.8111360073089600 0.5491876602172852
0047  0.6862647533416748 0.5503857135772705
0048  0.0083515644073486 0.6735215187072754
0049  0.0082483291625977 0.6714365482330322
0050  0.8084254264831543 0.6796996593475342
0051  0.0084309577941895 0.8030726909637451
0052  0.0110626220703125 0.6734559535980225
0053  0.9497809410095215 0.7757883071899414
0054  0.8137660026550293 0.6701059341430664
0055  0.0082042217254639 0.8057086467742920
0056  0.0082156658172607 0.7931613922119141
0057  0.9432866573333740 0.8011283874511719
0058  0.0081479549407959 0.9325780868530273
0059  0.0084979534149170 0.5465402603149414
0060  1.0708343982696533 0.5518689155578613
0061  0.9409296512603760 0.5483124256134033
0062  0.8121366500854492 0.5482912063598633
0063  0.6854064464569092 0.6828331947326660
0064  0.0087785720825195 0.6676917076110840
0065  0.0085556507110596 0.6667137145996094
0066  0.7997529506683350 0.6644537448883057
0067  0.0111267566680908 0.7899038791656494
0068  0.0082833766937256 0.6638107299804688
0069  0.9220950603485107 0.6701242923736572
0070  0.8012309074401855 0.6711165904998779
0071  0.0082650184631348 0.7945575714111328
0072  0.0104637145996094 0.7929296493530273
0073  0.9211683273315430 0.8165636062622070
0074  0.0086545944213867 0.9427285194396973
0075  0.0176992416381836 0.7901794910430908
0076  1.1117522716522217 0.6984276771545410
0077  0.9746754169464111 0.7016997337341309
0078  0.8411481380462646 0.6974213123321533
0079  0.0085208415985107 0.8339989185333252
0080  0.0085091590881348 0.8327951431274414
0081  0.9770679473876953 0.8275222778320312
0082  0.0082161426544189 0.9593460559844971
0083  0.0082595348358154 0.8227787017822266
0084  1.1295042037963867 0.9137020111083984
0085  0.9705493450164795 0.8312864303588867
0086  0.0085453987121582 0.9699304103851318
0087  0.0102856159210205 0.9588334560394287
0088  1.0972468852996826 0.9576737880706787
0089  0.0082149505615234 1.0944514274597168
0090  0.0081756114959717 0.5665986537933350
0091  1.2453675270080566 0.5625030994415283
0092  1.1070690155029297 0.5676925182342529
0093  1.0784752368927002 0.5866057872772217
0094  0.8438806533813477 0.5715126991271973
0095  0.7133662700653076 0.5725879669189453
0096  0.0090348720550537 0.6986663341522217
0097  0.0084483623504639 0.6969726085662842
0098  0.8357906341552734 0.6965820789337158
0099  0.0091047286987305 0.8298237323760986
0100  0.0087563991546631 0.6922707557678223
0101  0.9676826000213623 0.6911280155181885
0102  0.8345956802368164 0.6969809532165527
0103  0.0085287094116211 0.8458516597747803
0104  0.0100913047790527 0.9139492511749268
0105  0.9682207107543945 0.8283982276916504
0106  0.0086083412170410 0.9702050685882568
0107  0.0085234642028809 0.6946678161621094
0108  1.0980296134948730 0.6975700855255127
0109  0.9806118011474609 0.7008647918701172
0110  0.8446738719940186 0.6999351978302002
0111  0.0084152221679688 0.8340423107147217
0112  0.0082657337188721 0.8191437721252441
0113  0.9613831043243408 0.9330542087554932
0114  0.0085554122924805 0.9650943279266357
0115  0.0083332061767578 0.8258709907531738
0116  1.0987615585327148 0.8280239105224609
0117  0.9608609676361084 0.8197870254516602
0118  0.0086357593536377 0.9639236927032471
0119  0.0084114074707031 0.9587297439575195
0120  1.1107239723205566 0.9546086788177490
0121  0.0083575248718262 1.0974621772766113
0122  0.0083808898925781 0.6934545040130615
0123  1.3293220996856689 0.6954746246337891
0124  1.1010515689849854 0.6952502727508545
0125  0.9691047668457031 0.6888532638549805
0126  0.8375041484832764 0.6955399513244629
0127  0.0084912776947021 0.8314523696899414
0128  0.0085616111755371 0.8218526840209961
0129  0.9568779468536377 0.8249223232269287
0130  0.0079760551452637 0.9580652713775635
0131  0.0081729888916016 0.8244690895080566
0132  1.2283911705017090 0.7995219230651855
0133  0.9336140155792236 0.7968852519989014
0134  0.0081527233123779 0.9241077899932861
0135  0.0081176757812500 0.9220077991485596
0136  1.0732498168945312 0.9281110763549805
0137  0.0081892013549805 1.0476975440979004
0138  0.0082752704620361 0.8014984130859375
0139  1.1908235549926758 0.8055710792541504
0140  1.0679113864898682 0.8067753314971924
0141  1.0302727222442627 0.8062322139739990
0142  0.0080528259277344 0.9312546253204346
0143  0.0083341598510742 0.9259223937988281
0144  1.0588607788085938 0.9265477657318115
0145  0.0081143379211426 1.0574665069580078
0146  0.0082209110260010 0.9274570941925049
0147  1.1879930496215820 0.9263002872467041
0148  1.0740392208099365 0.9314589500427246
0149  0.0082652568817139 1.0929210186004639
0150  0.0081965923309326 1.1657898426055908
0151  1.2060015201568604 1.0705645084381104
0152  0.0080070495605469 1.1868615150451660
0153  0.0081052780151367 0.5434560775756836
0154  1.3219451904296875 0.5459587574005127
0155  1.1945710182189941 0.5427267551422119
0156  1.0674304962158203 0.5466458797454834
0157  0.9351329803466797 0.5484197139739990
0158  0.8509685993194580 0.6525740623474121
0159  0.6898319721221924 0.5502891540527344
0160  0.0083880424499512 0.6770107746124268
0161  0.0081195831298828 0.6718769073486328
0162  0.8116476535797119 0.6872699260711670
0163  0.0089721679687500 0.7948553562164307
0164  0.0083599090576172 0.6763839721679688
0165  0.9853067398071289 0.6777019500732422
0166  0.8191666603088379 0.6838319301605225
0167  0.0083563327789307 0.8070044517517090
0168  0.0083739757537842 0.8107798099517822
0169  0.9512782096862793 0.9048793315887451
0170  0.0080513954162598 0.9430351257324219
0171  0.0111505985260010 0.6737802028656006
0172  1.0707602500915527 0.6752140522003174
0173  0.9519689083099365 0.6703813076019287
0174  0.8180778026580811 0.6783127784729004
0175  0.0082561969757080 0.8056545257568359
0176  0.0109436511993408 0.7984943389892578
0177  0.9311718940734863 0.8005805015563965
0178  0.0080819129943848 0.9419021606445312
0179  0.0080225467681885 0.8444700241088867
0180  1.0951292514801025 0.8034307956695557
0181  0.9497847557067871 0.8124878406524658
0182  0.0083470344543457 0.9387555122375488
0183  0.0083618164062500 0.9311563968658447
0184  1.0749399662017822 0.9273855686187744
0185  0.0080912113189697 1.0583808422088623
0186  0.0112955570220947 0.6745028495788574
0187  1.1894958019256592 0.6751532554626465
0188  1.0695478916168213 0.7934513092041016
0189  0.9463315010070801 0.6831541061401367
0190  0.8167068958282471 0.6754541397094727
0191  0.0117611885070801 0.8009212017059326
0192  0.0086307525634766 0.8081214427947998
0193  0.9381265640258789 0.8018932342529297
0194  0.0083742141723633 0.9266688823699951
0195  0.0083565711975098 0.8050312995910645
0196  1.0677249431610107 0.8060984611511230
0197  0.9450383186340332 0.8033387660980225
0198  0.0086436271667480 1.0466582775115967
0199  0.0083611011505127 0.9341633319854736
0200  1.0743782520294189 0.9294464588165283
0201  0.0110204219818115 1.0644659996032715
0202  0.0081872940063477 0.8012962341308594
0203  1.1940393447875977 0.8039574623107910
0204  1.0769526958465576 0.8071951866149902
0205  0.9366934299468994 0.8104684352874756
0206  0.0110063552856445 0.9308636188507080
0207  0.0118691921234131 1.0395836830139160
0208  1.0614700317382812 0.9340705871582031
0209  0.0083370208740234 1.0576546192169189
0210  0.0081355571746826 0.9358057975769043
0211  1.2091050148010254 0.9429802894592285
0212  1.0699086189270020 0.9351699352264404
0213  0.0081214904785156 1.0596911907196045
0214  0.0078432559967041 1.0640778541564941
0215  1.1898519992828369 1.1966438293457031
0216  0.0112786293029785 1.2007584571838379
0217  0.0078623294830322 0.6774518489837646
0218  1.3355228900909424 0.6839029788970947
0219  1.2147204875946045 0.6761770248413086
0220  1.0765056610107422 0.6914379596710205
0221  0.9537522792816162 0.6857697963714600
0222  0.8207566738128662 0.6902875900268555
0223  0.0083832740783691 0.8290803432464600
0224  0.0082571506500244 0.9652884006500244
0225  0.9471127986907959 0.8198368549346924
0226  0.0114405155181885 0.9422340393066406
0227  0.0083334445953369 0.8053958415985107
0228  1.0823845863342285 0.8190329074859619
0229  0.9557013511657715 0.8198719024658203
0230  0.0080792903900146 0.9429011344909668
0231  0.0114614963531494 0.9412078857421875
0232  1.0785229206085205 0.9377124309539795
0233  0.0081732273101807 1.0954689979553223
0234  0.0136554241180420 0.8443574905395508
0235  1.2253777980804443 0.8070654869079590
0236  1.1039094924926758 0.8107149600982666
0237  0.9585876464843750 0.8118851184844971
0238  0.0082249641418457 0.9469347000122070
0239  0.0081629753112793 0.9406685829162598
0240  1.0905115604400635 0.9431357383728027
0241  0.0115149021148682 1.0742952823638916
0242  0.0081837177276611 0.9676239490509033
0243  1.2782688140869141 0.9436721801757812
0244  1.0814177989959717 0.9454998970031738
0245  0.0081837177276611 1.0750398635864258
0246  0.0111415386199951 1.0719478130340576
0247  1.2208013534545898 1.0835068225860596
0248  0.0080687999725342 1.2067327499389648
0249  0.0082032680511475 0.8066675662994385
0250  1.3637788295745850 0.8452966213226318
0251  1.2298970222473145 0.8176751136779785
0252  1.0794267654418945 0.8138203620910645
0253  0.9484944343566895 0.8315625190734863
0254  0.0082204341888428 0.9428617954254150
0255  0.0081775188446045 0.9305112361907959
0256  1.0768680572509766 0.9512343406677246

