Seq  sk_updatetime        signtime   
0002  4.4065155982971191 0.3955678939819336
0003  4.2416398525238037 0.3932936191558838
0004  4.1518964767456055 0.5003435611724854
0005  3.8965950012207031 0.3841309547424316
0006  3.7359194755554199 0.3837783336639404
0007  3.6270678043365479 0.3877708911895752
0008  3.5988521575927734 0.3862833976745605
0009  3.3743476867675781 0.3913502693176270
0010  3.2661156654357910 0.3859894275665283
0011  3.1481659412384033 0.3913905620574951
0012  3.1212952136993408 0.3897831439971924
0013  2.8834691047668457 0.3927991390228271
0014  2.7710294723510742 0.3927249908447266
0015  2.6221654415130615 0.3918888568878174
0016  2.5365822315216064 0.5266938209533691
0017  2.4307682514190674 0.4016151428222656
0018  2.3062508106231689 0.4019494056701660
0019  2.1703865528106689 0.4014627933502197
0020  2.0520911216735840 0.4017155170440674
0021  1.9399149417877197 0.4033641815185547
0022  1.9237203598022461 0.4069581031799316
0023  1.6771826744079590 0.4064292907714844
0024  1.5460078716278076 0.4052419662475586
0025  1.4178843498229980 0.4070098400115967
0026  1.2959897518157959 0.4089694023132324
0027  1.1670560836791992 0.4140896797180176
0028  1.0538988113403320 0.4140415191650391
0029  1.0321545600891113 0.4195539951324463
0030  0.7997269630432129 0.4142179489135742
0031  0.6750268936157227 0.4166598320007324
0032  0.5494909286499023 0.4191498756408691
0033  0.0081763267517090 0.5406618118286133
0034  0.0082912445068359 0.5418486595153809
0035  0.6733276844024658 0.5372292995452881
0036  0.0081918239593506 0.6685495376586914
0037  0.0081007480621338 0.5400981903076172
0038  0.7910087108612061 0.5408127307891846
0039  0.6745986938476562 0.5402719974517822
0040  0.0083153247833252 0.6724641323089600
0041  0.0083796977996826 0.6681137084960938
0042  0.8969972133636475 0.6585907936096191
0043  0.0081984996795654 0.7884826660156250
0044  0.0086970329284668 0.5354144573211670
0045  0.9094600677490234 0.5357842445373535
0046  0.7972111701965332 0.5394446849822998
0047  0.6722695827484131 0.5399980545043945
0048  0.0088284015655518 0.6593787670135498
0049  0.0087428092956543 0.6613004207611084
0050  0.7942996025085449 0.6647777557373047
0051  0.0087723731994629 0.7839291095733643
0052  0.0113019943237305 0.6602861881256104
0053  0.9380924701690674 0.7971119880676270
0054  0.7950637340545654 0.6604182720184326
0055  0.0083177089691162 0.7906165122985840
0056  0.0082964897155762 0.7821381092071533
0057  0.9220657348632812 0.7877428531646729
0058  0.0082366466522217 0.9114580154418945
0059  0.0083265304565430 0.5349936485290527
0060  1.0532753467559814 0.5404155254364014
0061  0.9216504096984863 0.5390620231628418
0062  0.8005259037017822 0.5394234657287598
0063  0.6708803176879883 0.6157083511352539
0064  0.0081939697265625 0.6615786552429199
0065  0.0080866813659668 0.6618139743804932
0066  0.7958812713623047 0.6597905158996582
0067  0.0105183124542236 0.7823822498321533
0068  0.0081946849822998 0.6565973758697510
0069  0.9128854274749756 0.6657264232635498
0070  0.7940790653228760 0.6622118949890137
0071  0.0080626010894775 0.7889590263366699
0072  0.0104739665985107 0.7854952812194824
0073  0.9107036590576172 0.7740340232849121
0074  0.0078969001770020 0.9117853641510010
0075  0.0082616806030273 0.7554004192352295
0076  1.0520176887512207 0.6576905250549316
0077  0.9255018234252930 0.6665709018707275
0078  0.7920963764190674 0.6607882976531982
0079  0.0084788799285889 0.7840747833251953
0080  0.0080597400665283 0.7892298698425293
0081  0.9200541973114014 0.7815685272216797
0082  0.0079040527343750 0.9012577533721924
0083  0.0077543258666992 0.7805573940277100
0084  1.0382325649261475 0.7836122512817383
0085  1.0747532844543457 0.8322072029113770
0086  0.0085258483886719 0.9619059562683105
0087  0.0107390880584717 0.9541440010070801
0088  1.0938091278076172 0.9587011337280273
0089  0.0090827941894531 1.0805618762969971
0090  0.0089366436004639 0.5631136894226074
0091  1.2411534786224365 0.5629532337188721
0092  1.1037759780883789 0.5651197433471680
0093  0.9667189121246338 0.5662384033203125
0094  0.9503571987152100 0.5649340152740479
0095  0.7033569812774658 0.5708253383636475
0096  0.0090084075927734 0.6952826976776123
0097  0.0084426403045654 0.6937472820281982
0098  0.8290467262268066 0.6944818496704102
0099  0.0087783336639404 0.8287537097930908
0100  0.0086286067962646 0.6968789100646973
0101  0.9623842239379883 0.6906640529632568
0102  0.8264262676239014 0.6959083080291748
0103  0.0082666873931885 0.8239667415618896
0104  0.0084409713745117 0.8222005367279053
0105  1.0626864433288574 0.7980322837829590
0106  0.0083241462707520 0.9250814914703369
0107  0.0081057548522949 0.6647350788116455
0108  1.0501031875610352 0.6644778251647949
0109  0.9306960105895996 0.6747572422027588
0110  0.8000683784484863 0.6696445941925049
0111  0.0080895423889160 0.7985036373138428
0112  0.0079705715179443 0.7918198108673096
0113  0.9205090999603271 0.7909715175628662
0114  0.0081884860992432 0.9208559989929199
0115  0.0100715160369873 0.8852875232696533
0116  1.0536074638366699 0.7942917346954346
0117  0.9240014553070068 0.7883131504058838
0118  0.0083253383636475 0.9212574958801270
0119  0.0081131458282471 0.9130179882049561
0120  1.0546567440032959 0.9140224456787109
0121  0.0081436634063721 1.0567889213562012
0122  0.0081012248992920 0.6622648239135742
0123  1.1758382320404053 0.6636323928833008
0124  1.0822668075561523 0.7683885097503662
0125  0.9320209026336670 0.6689994335174561
0126  0.8048369884490967 0.6656043529510498
0127  0.0081827640533447 0.7953808307647705
0128  0.0086820125579834 0.7910311222076416

