Seq  sk_updatetime        signtime   
0002  4.4137179851531982 0.3984179496765137
0003  4.2611401081085205 0.3953735828399658
0004  4.1468865871429443 0.3997359275817871
0005  3.9984812736511230 0.3976867198944092
0006  3.9357721805572510 0.4002029895782471
0007  3.7865159511566162 0.4023873805999756
0008  3.6307220458984375 0.4022612571716309
0009  3.4871723651885986 0.4043736457824707
0010  3.3757126331329346 0.4029600620269775
0011  3.2613792419433594 0.4061148166656494
0012  3.1231887340545654 0.4041624069213867
0013  2.9898881912231445 0.4068179130554199
0014  2.8938810825347900 0.4083099365234375
0015  2.7230546474456787 0.4076290130615234
0016  2.6046569347381592 0.4052317142486572

